name: seq_tools
channels:
  - bioconda
  - conda-forge
  - defaults
  - r
dependencies:
  - biopython=1.70=np112py36_1
  - blast=2.7.1=h0f9cf5d_6
  - bleach=1.4.2=py36_0
  - emboss=6.6.0=h6debe1e_0
  - libffi=3.2.1=1
  - perl-archive-tar=2.32=pl526_0
  - perl-carp=1.38=pl526_1
  - perl-compress-raw-bzip2=2.081=pl526hfc679d8_0
  - perl-compress-raw-zlib=2.081=pl526h2d50403_0
  - perl-data-dumper=2.161=pl526_2
  - perl-encode=2.88=pl526_1
  - perl-exporter=5.72=pl526_1
  - perl-exporter-tiny=1.000000=pl526_0
  - perl-extutils-makemaker=7.34=pl526_2
  - perl-io-compress=2.081=pl526hfc679d8_0
  - perl-io-zlib=1.10=pl526_2
  - perl-list-moreutils=0.428=pl526_1
  - perl-list-moreutils-xs=0.428=pl526_0
  - perl-parent=0.236=pl526_1
  - perl-pathtools=3.73=pl526h470a237_2
  - perl-scalar-list-utils=1.45=pl526h470a237_3
  - perl-test-more=1.001002=pl526_1
  - perl-xsloader=0.24=pl526_0
  - appnope=0.1.0=py36_1000
  - attrs=18.2.0=py_0
  - backcall=0.1.0=py_0
  - boost=1.67.0=py36h3e44d54_0
  - boost-cpp=1.67.0=h3a22d5f_0
  - bzip2=1.0.6=1
  - ca-certificates=2018.11.29=ha4d7672_0
  - certifi=2018.11.29=py36_1000
  - decorator=4.3.0=py_0
  - entrypoints=0.2.3=py36_1002
  - expat=2.2.5=hfc679d8_2
  - fontconfig=2.13.1=hce039c3_0
  - freetype=2.9.1=h6debe1e_4
  - giflib=5.1.4=h470a237_1
  - gmp=6.1.2=hfc679d8_0
  - html5lib=1.0.1=py_0
  - icu=58.2=hfc679d8_0
  - ipykernel=5.1.0=py36h24bf2e0_1001
  - ipython=7.2.0=py36h24bf2e0_1000
  - ipython_genutils=0.2.0=py_1
  - ipywidgets=7.4.2=py_0
  - jedi=0.13.1=py36_1000
  - jinja2=2.10=py_1
  - jpeg=9c=h470a237_1
  - jsonschema=3.0.0a3=py36_1000
  - jupyter=1.0.0=py_1
  - jupyter_client=5.2.3=py_1
  - jupyter_console=6.0.0=py_0
  - jupyter_core=4.4.0=py_0
  - libgd=2.2.5=hd14d58d_4
  - libiconv=1.15=h470a237_3
  - libpng=1.6.36=ha92aebf_0
  - libsodium=1.0.16=h470a237_1
  - libtiff=4.0.10=he6b73bb_0
  - libwebp=1.0.1=h08eee79_0
  - libxml2=2.9.8=h422b904_5
  - markupsafe=1.1.0=py36h470a237_0
  - mistune=0.8.4=py36h470a237_0
  - mmtf-python=1.1.2=py_0
  - msgpack-python=0.6.0=py36h2d50403_0
  - nbconvert=5.3.1=py_1
  - nbformat=4.4.0=py_1
  - ncurses=6.1=hfc679d8_1
  - nettle=3.3=0
  - notebook=5.7.2=py36_1000
  - olefile=0.46=py_0
  - openssl=1.0.2p=h470a237_1
  - pandas=0.23.4=py36hf8a1672_0
  - pandoc=2.5=0
  - pandocfilters=1.4.2=py_1
  - parso=0.3.1=py_0
  - pcre=8.41=hfc679d8_3
  - perl=5.26.2=h16c6ff1_0
  - pexpect=4.6.0=py36_1000
  - pickleshare=0.7.5=py36_1000
  - pillow=5.3.0=py36hc736899_0
  - pip=18.1=py36_1000
  - prometheus_client=0.5.0=py_0
  - prompt_toolkit=2.0.7=py_0
  - ptyprocess=0.6.0=py36_1000
  - pygments=2.3.0=py_0
  - pyqt=5.6.0=py36h8210e8a_7
  - pyrsistent=0.14.7=py36h470a237_0
  - python=3.6.7=h5001a0f_1
  - python-dateutil=2.7.5=py_0
  - pytz=2018.7=py_0
  - pyzmq=17.1.2=py36hae99301_1
  - qt=5.6.2=h4e759b2_10
  - qtconsole=4.4.3=py_0
  - readline=7.0=haf1bffa_1
  - reportlab=3.5.11=py36h77bcf2c_0
  - send2trash=1.5.0=py_0
  - setuptools=40.6.2=py36_0
  - sip=4.18.1=py36hfc679d8_0
  - six=1.11.0=py36_1001
  - sqlite=3.26.0=hb1c47c0_0
  - terminado=0.8.1=py36_1001
  - testpath=0.4.2=py36_1000
  - tk=8.6.9=ha92aebf_0
  - tornado=5.1.1=py36h470a237_0
  - traitlets=4.3.2=py36_1000
  - wcwidth=0.1.7=py_1
  - webencodings=0.5.1=py_1
  - wheel=0.32.3=py36_0
  - widgetsnbextension=3.4.2=py36_1000
  - xz=5.2.4=h470a237_1
  - zeromq=4.2.5=hfc679d8_6
  - zlib=1.2.11=h470a237_3
  - blas=1.0=mkl
  - intel-openmp=2019.1=144
  - libgfortran=3.0.1=h93005f0_2
  - mkl=2018.0.3=1
  - numpy=1.12.1=py36h8871d66_1
  - pip:
    - msgpack==0.6.0
prefix: /Users/alexsha/miniconda3/envs/seq_tools

